0 0.6172675461065574 0.2972165300546448 0.6068615522540984 0.29294740437158473 0.5972560194672132 0.2790727459016394 0.5860495645491803 0.25239071038251365 0.5828477202868853 0.22037226775956287 0.5924532530737705 0.18942110655737707 0.6084624743852459 0.1830174180327869 0.6252721567622951 0.18621926229508198 0.6356781506147541 0.20969945355191258 0.6388799948770492 0.24812158469945356 0.6300749231557378 0.27160177595628415
0 0.4979988473360656 0.3068220628415301 0.5148085297131147 0.30255293715847 0.5292168288934427 0.29294740437158473 0.5436251280737705 0.26946721311475413 0.552430199795082 0.2385160519125683 0.5508292776639344 0.20969945355191258 0.5396228227459017 0.18835382513661203 0.5196112961065574 0.17768101092896174 0.4915951588114754 0.17981557377049182 0.4795882428278688 0.19902663934426232 0.4699827100409837 0.21823770491803282 0.4635790215163935 0.24812158469945356 0.4667808657786886 0.2737363387978142 0.4771868596311476 0.29401468579234974 0.4891937756147541 0.2993510928961749
0 0.4131499743852459 0.6355447404371585 0.4283587346311476 0.652621243169399 0.4355628842213115 0.6814378415300547 0.4251568903688525 0.7070525956284154 0.4131499743852459 0.7145235655737706 0.4107485911885246 0.6878415300546449
0 0.590852330942623 0.003714139344262315 0.5892514088114754 0.03359801912568308 0.6052606301229508 0.05601092896174866 0.6260726178278689 0.05067452185792352 0.639680455942623 0.023992486338797834 0.6365510012027799 0.0
0 0.4003425973360656 0.1947575136612022 0.42755827356557374 0.1830174180327869 0.43316150102459017 0.15313353825136614 0.42595735143442626 0.12004781420765027 0.4043449026639344 0.11471140710382516 0.3827324538934427 0.11898053278688525 0.37712922643442626 0.14352800546448088 0.3763287653688525 0.1723446038251366
0 0.31629418545081966 0.005848702185792369 0.3250992571721312 0.03466530054644811 0.3515144723360656 0.05494364754098363 0.367523693647541 0.042136270491803296 0.3747278432377049 0.019723360655737723 0.3763287653688525 0.0026468579234972876
0 0.2562596055327869 0.0005122950819672325 0.2506563780737705 0.018656079234972697 0.2506563780737705 0.04427083333333335 0.26346375512295084 0.06988558743169401 0.28507620389344257 0.06988558743169401 0.3050877305327869 0.06134733606557379 0.3138928022540983 0.03786714480874319 0.3154937243852459 0.016521516393442643 0.3154937243852459 0.0026468579234972876
0 0.055343878073770475 0.07522199453551916 0.05694480020491802 0.09763490437158472 0.06815125512295081 0.11364412568306013 0.08736232069672131 0.11471140710382516 0.09456647028688525 0.08802937158469946 0.08736232069672131 0.06881830601092899 0.07455494364754098 0.06881830601092899
0 0.09856877561475408 0.08909665300546449 0.11537845799180327 0.10297131147540985 0.11777984118852461 0.12324965846994536 0.10817430840163933 0.13819159836065575 0.09456647028688525 0.13819159836065575 0.08175909323770492 0.13285519125683062 0.0737544825819672 0.11898053278688525 0.0849609375 0.11577868852459018 0.09136462602459017 0.10724043715846997
0 0.0009125256147540783 0.15740266393442623 0.02652727971311475 0.17341188524590165 0.032130507172131145 0.1915556693989071 0.032930968237704916 0.2214395491803279 0.020924052254098352 0.23104508196721316 0.0017129866803278493 0.23104508196721316
